[
    ['2025-02-24T09:15:00+05:30', 411.1, 412.7, 409.1, 412.65, 3599],
    ['2025-02-24T09:16:00+05:30', 412.65, 412.75, 410.05, 410.25, 2129],
    ['2025-02-24T09:17:00+05:30', 410.05, 410.7, 409.8, 410.7, 364],
    ['2025-02-24T09:18:00+05:30', 410.25, 410.75, 410.1, 410.25, 324],
    ['2025-02-24T09:19:00+05:30', 410.25, 410.25, 408.4, 408.45, 3867],
    ['2025-02-24T09:20:00+05:30', 408.7, 408.8, 407.55, 408.05, 1131],
    ['2025-02-24T09:21:00+05:30', 408.4, 408.95, 408.15, 408.95, 1087],
    ['2025-02-24T09:22:00+05:30', 408.9, 408.95, 408.05, 408.1, 869],
    ['2025-02-24T09:23:00+05:30', 408.45, 410.05, 408.45, 410.05, 2640],
    ['2025-02-24T09:24:00+05:30', 409.75, 410.05, 409.25, 409.25, 1247],
    ['2025-02-24T09:25:00+05:30', 409.6, 409.65, 408.55, 408.7, 990],
    ['2025-02-24T09:26:00+05:30', 408.8, 408.8, 407.0, 407.0, 684],
    ['2025-02-24T09:27:00+05:30', 406.85, 409.0, 406.85, 407.8, 2834],
    ['2025-02-24T09:28:00+05:30', 408.3, 408.65, 408.0, 408.45, 1430],
    ['2025-02-24T09:29:00+05:30', 408.45, 408.45, 407.05, 407.75, 4541],
    ['2025-02-24T09:30:00+05:30', 407.75, 408.45, 407.75, 408.0, 2912],
    ['2025-02-24T09:31:00+05:30', 408.25, 408.3, 407.05, 407.05, 317],
    ['2025-02-24T09:32:00+05:30', 407.35, 407.35, 406.35, 406.35, 1078],
    ['2025-02-24T09:33:00+05:30', 406.35, 406.9, 406.0, 406.85, 1890],
    ['2025-02-24T09:34:00+05:30', 407.15, 407.4, 406.1, 406.5, 522],
    ['2025-02-24T09:35:00+05:30', 406.15, 406.9, 406.0, 406.9, 1773],
    ['2025-02-24T09:36:00+05:30', 407.15, 407.15, 407.0, 407.0, 648],
    ['2025-02-24T09:37:00+05:30', 406.75, 407.55, 406.75, 407.4, 551],
    ['2025-02-24T09:38:00+05:30', 407.4, 407.5, 407.1, 407.1, 863],
    ['2025-02-24T09:39:00+05:30', 407.3, 407.85, 407.1, 407.85, 512],
    ['2025-02-24T09:40:00+05:30', 407.85, 407.85, 407.4, 407.55, 439],
    ['2025-02-24T09:41:00+05:30', 407.5, 407.85, 407.4, 407.8, 671],
    ['2025-02-24T09:42:00+05:30', 407.8, 407.8, 406.05, 406.9, 1751],
    ['2025-02-24T09:43:00+05:30', 406.4, 406.55, 406.4, 406.45, 5561],
    ['2025-02-24T09:44:00+05:30', 406.15, 406.2, 405.1, 405.55, 1484],
    ['2025-02-24T09:45:00+05:30', 405.55, 405.75, 405.4, 405.6, 1372],
    ['2025-02-24T09:46:00+05:30', 405.65, 405.95, 405.5, 405.95, 610],
    ['2025-02-24T09:47:00+05:30', 405.95, 406.35, 405.65, 405.75, 1811],
    ['2025-02-24T09:48:00+05:30', 405.85, 406.05, 405.65, 406.05, 392],
    ['2025-02-24T09:49:00+05:30', 406.05, 406.05, 405.6, 405.95, 296],
    ['2025-02-24T09:50:00+05:30', 405.95, 406.35, 405.9, 406.35, 206],
    ['2025-02-24T09:51:00+05:30', 406.3, 406.3, 404.45, 404.65, 4204],
    ['2025-02-24T09:52:00+05:30', 404.65, 405.4, 404.45, 404.65, 2222],
    ['2025-02-24T09:53:00+05:30', 404.5, 404.8, 404.15, 404.8, 2003],
    ['2025-02-24T09:54:00+05:30', 404.75, 405.1, 404.25, 404.3, 2355],
    ['2025-02-24T09:55:00+05:30', 404.3, 404.4, 402.8, 403.8, 9859],
    ['2025-02-24T09:56:00+05:30', 403.75, 403.85, 402.8, 402.8, 1520],
    ['2025-02-24T09:57:00+05:30', 402.65, 402.7, 402.15, 402.65, 2462],
    ['2025-02-24T09:58:00+05:30', 402.5, 402.75, 402.0, 402.2, 1220],
    ['2025-02-24T09:59:00+05:30', 402.15, 402.95, 402.15, 402.8, 2102],
    ['2025-02-24T10:00:00+05:30', 402.85, 402.95, 402.35, 402.45, 2037],
    ['2025-02-24T10:01:00+05:30', 402.45, 402.5, 402.2, 402.3, 716],
    ['2025-02-24T10:02:00+05:30', 402.3, 403.2, 401.1, 402.0, 3914],
    ['2025-02-24T10:03:00+05:30', 402.5, 402.75, 402.25, 402.5, 9643],
    ['2025-02-24T10:04:00+05:30', 402.5, 402.5, 402.1, 402.25, 1423],
    ['2025-02-24T10:05:00+05:30', 402.3, 402.3, 401.65, 402.05, 2732],
    ['2025-02-24T10:06:00+05:30', 402.05, 402.3, 401.85, 402.2, 1445],
    ['2025-02-24T10:07:00+05:30', 402.2, 402.25, 401.7, 401.95, 1218],
    ['2025-02-24T10:08:00+05:30', 401.95, 402.2, 401.85, 402.2, 3244],
    ['2025-02-24T10:09:00+05:30', 402.2, 402.6, 402.15, 402.6, 2206],
    ['2025-02-24T10:10:00+05:30', 402.75, 403.35, 402.65, 403.25, 1697],
    ['2025-02-24T10:11:00+05:30', 403.25, 403.4, 402.7, 402.7, 2196],
    ['2025-02-24T10:12:00+05:30', 402.85, 404.1, 402.85, 403.35, 2238],
    ['2025-02-24T10:13:00+05:30', 403.35, 404.0, 403.35, 403.65, 1520],
    ['2025-02-24T10:14:00+05:30', 403.65, 403.8, 403.2, 403.5, 1145],
    ['2025-02-24T10:15:00+05:30', 403.7, 404.95, 403.7, 404.8, 2551],
    ['2025-02-24T10:16:00+05:30', 404.4, 404.8, 404.0, 404.3, 1362],
    ['2025-02-24T10:17:00+05:30', 404.2, 404.8, 404.15, 404.8, 807],
    ['2025-02-24T10:18:00+05:30', 404.8, 405.25, 404.25, 404.25, 1722],
    ['2025-02-24T10:19:00+05:30', 404.55, 404.95, 404.35, 404.8, 1323],
    ['2025-02-24T10:20:00+05:30', 405.0, 405.1, 404.35, 404.65, 722],
    ['2025-02-24T10:21:00+05:30', 404.75, 404.75, 403.95, 404.3, 1503],
    ['2025-02-24T10:22:00+05:30', 404.45, 404.65, 403.8, 404.2, 1033],
    ['2025-02-24T10:23:00+05:30', 404.2, 404.3, 403.2, 403.3, 861],
    ['2025-02-24T10:24:00+05:30', 403.15, 403.7, 403.15, 403.15, 1029],
    ['2025-02-24T10:25:00+05:30', 403.3, 403.85, 403.3, 403.4, 997],
    ['2025-02-24T10:26:00+05:30', 403.4, 403.5, 403.0, 403.5, 1892],
    ['2025-02-24T10:27:00+05:30', 403.5, 403.55, 402.35, 402.7, 1695],
    ['2025-02-24T10:28:00+05:30', 402.45, 403.35, 402.45, 402.75, 1835],
    ['2025-02-24T10:29:00+05:30', 402.6, 402.8, 401.9, 402.8, 2081],
    ['2025-02-24T10:30:00+05:30', 402.95, 403.15, 402.75, 403.05, 1103],
    ['2025-02-24T10:31:00+05:30', 403.15, 403.25, 402.75, 402.75, 595],
    ['2025-02-24T10:32:00+05:30', 402.85, 403.4, 402.75, 402.75, 1550],
    ['2025-02-24T10:33:00+05:30', 402.8, 403.05, 402.3, 402.6, 2914],
    ['2025-02-24T10:34:00+05:30', 402.65, 402.7, 402.15, 402.45, 1066],
    ['2025-02-24T10:35:00+05:30', 402.75, 402.75, 402.45, 402.45, 484],
    ['2025-02-24T10:36:00+05:30', 402.7, 402.7, 402.2, 402.5, 741],
    ['2025-02-24T10:37:00+05:30', 402.5, 402.5, 402.3, 402.4, 778],
    ['2025-02-24T10:38:00+05:30', 402.4, 402.8, 402.35, 402.55, 828],
    ['2025-02-24T10:39:00+05:30', 402.55, 403.3, 402.5, 403.3, 1720],
    ['2025-02-24T10:40:00+05:30', 403.2, 403.2, 402.65, 403.0, 636],
    ['2025-02-24T10:41:00+05:30', 403.3, 403.35, 402.9, 403.35, 691],
    ['2025-02-24T10:42:00+05:30', 403.35, 403.45, 403.0, 403.45, 719],
    ['2025-02-24T10:43:00+05:30', 403.45, 403.85, 403.45, 403.7, 593],
    ['2025-02-24T10:44:00+05:30', 403.7, 403.75, 403.1, 403.1, 585],
    ['2025-02-24T10:45:00+05:30', 403.25, 403.5, 403.05, 403.05, 723],
    ['2025-02-24T10:46:00+05:30', 403.1, 403.5, 402.8, 402.85, 668],
    ['2025-02-24T10:47:00+05:30', 403.0, 403.0, 401.5, 401.85, 4901],
    ['2025-02-24T10:48:00+05:30', 401.85, 402.1, 401.85, 402.0, 845],
    ['2025-02-24T10:49:00+05:30', 402.0, 402.3, 401.6, 402.2, 2071],
    ['2025-02-24T10:50:00+05:30', 402.2, 402.3, 401.65, 401.8, 546],
    ['2025-02-24T10:51:00+05:30', 401.8, 402.05, 401.5, 401.5, 3817],
    ['2025-02-24T10:52:00+05:30', 401.55, 402.15, 401.55, 402.0, 987],
    ['2025-02-24T10:53:00+05:30', 402.05, 402.15, 402.0, 402.15, 1045],
    ['2025-02-24T10:54:00+05:30', 402.2, 402.65, 402.1, 402.4, 740],
    ['2025-02-24T10:55:00+05:30', 402.4, 402.6, 402.35, 402.5, 573],
    ['2025-02-24T10:56:00+05:30', 402.6, 402.8, 402.15, 402.55, 1030],
    ['2025-02-24T10:57:00+05:30', 402.3, 402.35, 402.0, 402.35, 876],
    ['2025-02-24T10:58:00+05:30', 402.25, 402.4, 402.2, 402.3, 700],
    ['2025-02-24T10:59:00+05:30', 402.15, 402.25, 402.05, 402.05, 592],
    ['2025-02-24T11:00:00+05:30', 402.05, 402.15, 402.05, 402.15, 811],
    ['2025-02-24T11:01:00+05:30', 402.05, 402.2, 402.05, 402.2, 738],
    ['2025-02-24T11:02:00+05:30', 402.15, 402.9, 402.15, 402.8, 1005],
    ['2025-02-24T11:03:00+05:30', 402.6, 402.7, 402.3, 402.65, 619],
    ['2025-02-24T11:04:00+05:30', 402.45, 402.75, 402.15, 402.55, 623],
    ['2025-02-24T11:05:00+05:30', 402.55, 403.7, 402.5, 403.7, 2620],
    ['2025-02-24T11:06:00+05:30', 403.85, 403.95, 403.25, 403.55, 943],
    ['2025-02-24T11:07:00+05:30', 403.55, 404.4, 403.5, 404.3, 846],
    ['2025-02-24T11:08:00+05:30', 404.35, 405.0, 404.35, 404.85, 2507],
    ['2025-02-24T11:09:00+05:30', 404.7, 404.7, 403.9, 404.5, 1321],
    ['2025-02-24T11:10:00+05:30', 404.7, 404.7, 404.2, 404.5, 372],
    ['2025-02-24T11:11:00+05:30', 404.5, 405.35, 404.35, 404.8, 1772],
    ['2025-02-24T11:12:00+05:30', 404.85, 404.85, 404.4, 404.4, 528],
    ['2025-02-24T11:13:00+05:30', 404.4, 405.05, 404.35, 405.0, 1232],
    ['2025-02-24T11:14:00+05:30', 404.85, 404.85, 404.6, 404.65, 355],
    ['2025-02-24T11:15:00+05:30', 404.8, 405.3, 404.7, 405.3, 560],
    ['2025-02-24T11:16:00+05:30', 405.2, 405.5, 405.2, 405.5, 93],
    ['2025-02-24T11:17:00+05:30', 405.65, 406.0, 405.6, 405.85, 3287],
    ['2025-02-24T11:18:00+05:30', 405.65, 405.65, 405.1, 405.15, 634],
    ['2025-02-24T11:19:00+05:30', 405.15, 405.5, 405.0, 405.4, 574],
    ['2025-02-24T11:20:00+05:30', 405.4, 405.5, 405.0, 405.0, 919],
    ['2025-02-24T11:21:00+05:30', 404.8, 405.1, 404.7, 405.1, 775],
    ['2025-02-24T11:22:00+05:30', 405.0, 405.1, 404.85, 404.85, 393],
    ['2025-02-24T11:23:00+05:30', 404.9, 405.25, 404.55, 405.15, 525],
    ['2025-02-24T11:24:00+05:30', 405.05, 405.1, 404.95, 405.1, 578],
    ['2025-02-24T11:25:00+05:30', 405.15, 405.4, 405.05, 405.4, 178],
    ['2025-02-24T11:26:00+05:30', 405.2, 405.25, 405.0, 405.1, 689],
    ['2025-02-24T11:27:00+05:30', 405.05, 405.2, 405.05, 405.2, 53],
    ['2025-02-24T11:28:00+05:30', 405.15, 405.4, 405.0, 405.05, 927],
    ['2025-02-24T11:29:00+05:30', 405.15, 405.35, 405.15, 405.25, 245],
    ['2025-02-24T11:30:00+05:30', 405.45, 405.65, 405.3, 405.45, 774],
    ['2025-02-24T11:31:00+05:30', 405.45, 405.5, 405.1, 405.35, 668],
    ['2025-02-24T11:32:00+05:30', 405.35, 405.65, 405.35, 405.55, 988],
    ['2025-02-24T11:33:00+05:30', 405.45, 405.6, 405.45, 405.55, 179],
    ['2025-02-24T11:34:00+05:30', 405.55, 405.65, 405.55, 405.65, 169],
    ['2025-02-24T11:35:00+05:30', 405.75, 406.25, 405.55, 406.1, 1536],
    ['2025-02-24T11:36:00+05:30', 405.95, 405.95, 405.8, 405.85, 257],
    ['2025-02-24T11:37:00+05:30', 406.0, 406.0, 405.85, 405.95, 228],
    ['2025-02-24T11:38:00+05:30', 405.9, 406.25, 405.9, 405.95, 374],
    ['2025-02-24T11:39:00+05:30', 406.15, 406.25, 406.0, 406.0, 166],
    ['2025-02-24T11:40:00+05:30', 406.25, 406.4, 406.15, 406.4, 534],
    ['2025-02-24T11:41:00+05:30', 406.4, 406.4, 406.0, 406.0, 189],
    ['2025-02-24T11:42:00+05:30', 406.0, 406.25, 405.8, 406.1, 475],
    ['2025-02-24T11:43:00+05:30', 406.1, 406.1, 405.8, 405.85, 190],
    ['2025-02-24T11:44:00+05:30', 406.05, 406.1, 405.9, 406.05, 380],
    ['2025-02-24T11:45:00+05:30', 406.0, 406.1, 406.0, 406.1, 197],
    ['2025-02-24T11:46:00+05:30', 406.0, 406.1, 405.8, 405.8, 614],
    ['2025-02-24T11:47:00+05:30', 406.0, 406.0, 405.7, 405.9, 350],
    ['2025-02-24T11:48:00+05:30', 405.95, 406.05, 405.95, 406.05, 63],
    ['2025-02-24T11:49:00+05:30', 405.75, 405.9, 405.7, 405.9, 1250],
    ['2025-02-24T11:50:00+05:30', 405.95, 406.1, 405.7, 406.1, 1686],
    ['2025-02-24T11:51:00+05:30', 406.1, 406.1, 405.6, 405.85, 338],
    ['2025-02-24T11:52:00+05:30', 405.85, 405.95, 405.85, 405.95, 268],
    ['2025-02-24T11:53:00+05:30', 405.85, 405.9, 405.7, 405.85, 540],
    ['2025-02-24T11:54:00+05:30', 406.0, 406.05, 406.0, 406.05, 220],
    ['2025-02-24T11:55:00+05:30', 406.05, 406.1, 406.05, 406.05, 21],
    ['2025-02-24T11:56:00+05:30', 406.05, 406.1, 406.05, 406.05, 116],
    ['2025-02-24T11:57:00+05:30', 406.05, 406.05, 405.0, 405.4, 2715],
    ['2025-02-24T11:58:00+05:30', 405.15, 405.3, 405.0, 405.3, 926],
    ['2025-02-24T11:59:00+05:30', 405.2, 405.3, 404.6, 405.05, 7887],
    ['2025-02-24T12:00:00+05:30', 405.05, 405.05, 404.5, 404.8, 4242],
    ['2025-02-24T12:01:00+05:30', 404.65, 404.95, 404.65, 404.8, 1503],
    ['2025-02-24T12:02:00+05:30', 404.8, 405.0, 404.6, 404.85, 889],
    ['2025-02-24T12:03:00+05:30', 404.6, 404.6, 404.15, 404.2, 423],
    ['2025-02-24T12:04:00+05:30', 404.2, 404.2, 403.45, 403.65, 933],
    ['2025-02-24T12:05:00+05:30', 403.65, 403.8, 403.3, 403.7, 3177],
    ['2025-02-24T12:06:00+05:30', 403.7, 403.85, 403.0, 403.5, 1268],
    ['2025-02-24T12:07:00+05:30', 403.5, 403.85, 403.45, 403.6, 773],
    ['2025-02-24T12:08:00+05:30', 403.6, 404.0, 403.5, 403.7, 1237],
    ['2025-02-24T12:09:00+05:30', 403.8, 403.85, 403.65, 403.75, 829],
    ['2025-02-24T12:10:00+05:30', 403.8, 403.85, 403.55, 403.85, 1368],
    ['2025-02-24T12:11:00+05:30', 403.85, 403.85, 403.5, 403.55, 667],
    ['2025-02-24T12:12:00+05:30', 403.6, 403.7, 403.3, 403.35, 2114],
    ['2025-02-24T12:13:00+05:30', 403.25, 403.25, 402.65, 402.65, 949],
    ['2025-02-24T12:14:00+05:30', 402.65, 403.6, 402.65, 403.05, 1889],
    ['2025-02-24T12:15:00+05:30', 403.0, 403.5, 402.9, 403.5, 733],
    ['2025-02-24T12:16:00+05:30', 403.5, 403.55, 403.3, 403.4, 333],
    ['2025-02-24T12:17:00+05:30', 403.5, 403.95, 403.4, 403.9, 1263],
    ['2025-02-24T12:18:00+05:30', 403.85, 404.15, 403.8, 403.95, 1138],
    ['2025-02-24T12:19:00+05:30', 404.1, 404.4, 404.0, 404.4, 678],
    ['2025-02-24T12:20:00+05:30', 404.3, 404.5, 404.1, 404.45, 597],
    ['2025-02-24T12:21:00+05:30', 404.25, 404.65, 404.05, 404.3, 571],
    ['2025-02-24T12:22:00+05:30', 404.05, 404.6, 403.95, 404.2, 848],
    ['2025-02-24T12:23:00+05:30', 404.15, 404.25, 403.6, 403.95, 876],
    ['2025-02-24T12:24:00+05:30', 403.85, 404.15, 403.6, 404.05, 599],
    ['2025-02-24T12:25:00+05:30', 403.95, 403.95, 403.3, 403.35, 1855],
    ['2025-02-24T12:26:00+05:30', 403.15, 403.2, 402.65, 403.0, 1731],
    ['2025-02-24T12:27:00+05:30', 403.1, 403.1, 402.1, 402.5, 3240],
    ['2025-02-24T12:28:00+05:30', 402.45, 402.8, 402.4, 402.7, 2066],
    ['2025-02-24T12:29:00+05:30', 402.7, 402.7, 402.05, 402.05, 836],
    ['2025-02-24T12:30:00+05:30', 402.05, 402.05, 401.1, 401.15, 4030],
    ['2025-02-24T12:31:00+05:30', 401.15, 401.25, 401.0, 401.15, 1870],
    ['2025-02-24T12:32:00+05:30', 400.85, 400.85, 398.55, 399.85, 19050],
    ['2025-02-24T12:33:00+05:30', 399.8, 399.8, 397.95, 398.55, 4843],
    ['2025-02-24T12:34:00+05:30', 398.55, 398.95, 397.8, 398.4, 5380],
    ['2025-02-24T12:35:00+05:30', 398.4, 399.6, 397.3, 399.4, 13956],
    ['2025-02-24T12:36:00+05:30', 399.9, 400.7, 399.25, 400.7, 5672],
    ['2025-02-24T12:37:00+05:30', 400.55, 401.3, 400.35, 400.95, 2836],
    ['2025-02-24T12:38:00+05:30', 400.75, 400.95, 400.1, 400.35, 1637],
    ['2025-02-24T12:39:00+05:30', 400.15, 400.15, 399.5, 400.0, 4894],
    ['2025-02-24T12:40:00+05:30', 400.0, 400.65, 399.4, 400.5, 3318],
    ['2025-02-24T12:41:00+05:30', 400.7, 401.6, 400.3, 401.0, 4778],
    ['2025-02-24T12:42:00+05:30', 401.0, 401.15, 400.6, 400.65, 1376],
    ['2025-02-24T12:43:00+05:30', 400.6, 400.6, 400.05, 400.25, 1710],
    ['2025-02-24T12:44:00+05:30', 400.2, 401.0, 399.85, 400.0, 3419],
    ['2025-02-24T12:45:00+05:30', 400.0, 401.65, 399.95, 401.5, 5674],
    ['2025-02-24T12:46:00+05:30', 401.5, 401.85, 401.4, 401.5, 1290],
    ['2025-02-24T12:47:00+05:30', 401.45, 401.65, 401.3, 401.3, 1629],
    ['2025-02-24T12:48:00+05:30', 401.2, 401.25, 400.55, 401.2, 6166],
    ['2025-02-24T12:49:00+05:30', 400.75, 400.8, 400.05, 400.15, 4116],
    ['2025-02-24T12:50:00+05:30', 400.25, 400.25, 399.75, 400.2, 2273],
    ['2025-02-24T12:51:00+05:30', 400.15, 400.45, 400.0, 400.05, 1067],
    ['2025-02-24T12:52:00+05:30', 400.15, 400.5, 400.05, 400.5, 1115],
    ['2025-02-24T12:53:00+05:30', 400.7, 400.7, 399.85, 400.0, 1448],
    ['2025-02-24T12:54:00+05:30', 399.95, 399.95, 399.65, 399.75, 1838],
    ['2025-02-24T12:55:00+05:30', 399.8, 399.95, 399.5, 399.65, 1178],
    ['2025-02-24T12:56:00+05:30', 399.65, 399.8, 399.5, 399.65, 2049],
    ['2025-02-24T12:57:00+05:30', 399.8, 400.15, 399.8, 400.0, 4949],
    ['2025-02-24T12:58:00+05:30', 399.95, 400.0, 399.55, 399.65, 1886],
    ['2025-02-24T12:59:00+05:30', 399.65, 399.9, 399.55, 399.8, 1787],
    ['2025-02-24T13:00:00+05:30', 400.0, 400.05, 399.85, 399.85, 656],
    ['2025-02-24T13:01:00+05:30', 399.85, 399.95, 399.5, 399.5, 1731],
    ['2025-02-24T13:02:00+05:30', 399.65, 399.7, 399.5, 399.7, 1551],
    ['2025-02-24T13:03:00+05:30', 399.7, 400.3, 399.6, 400.3, 2204],
    ['2025-02-24T13:04:00+05:30', 400.5, 401.3, 400.5, 401.0, 1564],
    ['2025-02-24T13:05:00+05:30', 401.0, 401.1, 400.9, 400.95, 1329],
    ['2025-02-24T13:06:00+05:30', 401.05, 401.05, 400.35, 400.35, 1245],
    ['2025-02-24T13:07:00+05:30', 400.35, 401.0, 400.25, 400.55, 2402],
    ['2025-02-24T13:08:00+05:30', 400.5, 400.65, 400.1, 400.3, 1007],
    ['2025-02-24T13:09:00+05:30', 400.35, 400.35, 400.1, 400.25, 902],
    ['2025-02-24T13:10:00+05:30', 400.3, 401.55, 400.2, 401.35, 4882],
    ['2025-02-24T13:11:00+05:30', 401.85, 402.7, 401.6, 402.6, 8138],
    ['2025-02-24T13:12:00+05:30', 402.75, 404.55, 402.7, 404.4, 10033],
    ['2025-02-24T13:13:00+05:30', 404.4, 405.05, 403.9, 404.75, 11147],
    ['2025-02-24T13:14:00+05:30', 404.5, 404.5, 401.45, 402.15, 5078],
    ['2025-02-24T13:15:00+05:30', 401.95, 401.95, 401.3, 401.5, 667],
    ['2025-02-24T13:16:00+05:30', 401.3, 401.3, 400.5, 400.5, 621],
    ['2025-02-24T13:17:00+05:30', 400.5, 401.5, 400.05, 400.9, 3297],
    ['2025-02-24T13:18:00+05:30', 401.2, 401.2, 400.95, 400.95, 343],
    ['2025-02-24T13:19:00+05:30', 400.9, 401.1, 400.6, 400.65, 1601],
    ['2025-02-24T13:20:00+05:30', 400.65, 401.35, 400.6, 401.35, 2193],
    ['2025-02-24T13:21:00+05:30', 401.5, 401.5, 400.55, 400.55, 1762],
    ['2025-02-24T13:22:00+05:30', 400.65, 401.2, 400.65, 400.95, 1552],
    ['2025-02-24T13:23:00+05:30', 400.85, 400.95, 400.3, 400.95, 1393],
    ['2025-02-24T13:24:00+05:30', 401.25, 401.85, 400.8, 401.1, 924],
    ['2025-02-24T13:25:00+05:30', 400.85, 401.55, 400.4, 401.1, 2147],
    ['2025-02-24T13:26:00+05:30', 401.0, 401.5, 400.95, 401.5, 621],
    ['2025-02-24T13:27:00+05:30', 401.4, 401.4, 400.95, 400.95, 799],
    ['2025-02-24T13:28:00+05:30', 400.85, 401.6, 400.85, 401.3, 1947],
    ['2025-02-24T13:29:00+05:30', 401.2, 402.15, 401.1, 401.35, 2049],
    ['2025-02-24T13:30:00+05:30', 401.25, 401.85, 401.1, 401.85, 1151],
    ['2025-02-24T13:31:00+05:30', 401.65, 401.65, 401.05, 401.45, 1458],
    ['2025-02-24T13:32:00+05:30', 401.3, 401.95, 401.15, 401.7, 1550],
    ['2025-02-24T13:33:00+05:30', 401.6, 401.85, 401.15, 401.15, 832],
    ['2025-02-24T13:34:00+05:30', 401.15, 401.7, 401.05, 401.2, 1742],
    ['2025-02-24T13:35:00+05:30', 401.2, 401.2, 400.9, 401.15, 697],
    ['2025-02-24T13:36:00+05:30', 401.05, 401.1, 400.9, 400.9, 917],
    ['2025-02-24T13:37:00+05:30', 400.9, 401.65, 399.95, 400.95, 14216],
    ['2025-02-24T13:38:00+05:30', 401.05, 401.05, 400.0, 400.35, 2522],
    ['2025-02-24T13:39:00+05:30', 400.35, 401.05, 400.35, 400.7, 1283],
    ['2025-02-24T13:40:00+05:30', 400.6, 401.15, 400.5, 400.85, 1471],
    ['2025-02-24T13:41:00+05:30', 400.75, 400.95, 400.7, 400.8, 552],
    ['2025-02-24T13:42:00+05:30', 400.65, 400.9, 400.6, 400.75, 1328],
    ['2025-02-24T13:43:00+05:30', 400.75, 400.9, 400.6, 400.8, 983],
    ['2025-02-24T13:44:00+05:30', 400.9, 400.95, 400.3, 400.3, 1026],
    ['2025-02-24T13:45:00+05:30', 400.35, 400.55, 400.35, 400.45, 1589],
    ['2025-02-24T13:46:00+05:30', 400.55, 400.55, 400.3, 400.3, 1002],
    ['2025-02-24T13:47:00+05:30', 400.35, 401.3, 400.0, 400.7, 3518],
    ['2025-02-24T13:48:00+05:30', 400.65, 401.4, 400.65, 401.25, 1597],
    ['2025-02-24T13:49:00+05:30', 401.3, 401.3, 401.0, 401.0, 1260],
    ['2025-02-24T13:50:00+05:30', 401.1, 401.75, 400.95, 401.4, 2977],
    ['2025-02-24T13:51:00+05:30', 401.4, 401.85, 401.05, 401.85, 1840],
    ['2025-02-24T13:52:00+05:30', 401.65, 401.75, 401.55, 401.75, 1218],
    ['2025-02-24T13:53:00+05:30', 401.75, 402.2, 401.4, 402.2, 2463],
    ['2025-02-24T13:54:00+05:30', 402.4, 402.4, 402.15, 402.3, 779],
    ['2025-02-24T13:55:00+05:30', 402.25, 402.25, 401.0, 401.5, 3411],
    ['2025-02-24T13:56:00+05:30', 401.5, 402.85, 401.5, 402.05, 4793],
    ['2025-02-24T13:57:00+05:30', 402.05, 403.9, 401.75, 403.2, 4086],
    ['2025-02-24T13:58:00+05:30', 403.2, 403.5, 402.95, 403.25, 947],
    ['2025-02-24T13:59:00+05:30', 403.05, 403.2, 403.0, 403.0, 768],
    ['2025-02-24T14:00:00+05:30', 403.1, 405.1, 402.9, 404.85, 4282],
    ['2025-02-24T14:01:00+05:30', 404.95, 405.15, 404.85, 405.0, 1459],
    ['2025-02-24T14:02:00+05:30', 405.1, 405.25, 405.0, 405.1, 942],
    ['2025-02-24T14:03:00+05:30', 405.1, 405.1, 404.7, 405.0, 585],
    ['2025-02-24T14:04:00+05:30', 405.0, 405.15, 405.0, 405.1, 2706],
    ['2025-02-24T14:05:00+05:30', 405.05, 405.15, 404.4, 404.95, 3038],
    ['2025-02-24T14:06:00+05:30', 405.0, 405.1, 404.8, 405.05, 1652],
    ['2025-02-24T14:07:00+05:30', 405.05, 405.55, 404.55, 405.15, 3638],
    ['2025-02-24T14:08:00+05:30', 405.05, 405.1, 404.8, 405.05, 1195],
    ['2025-02-24T14:09:00+05:30', 404.95, 405.1, 404.95, 405.1, 831],
    ['2025-02-24T14:10:00+05:30', 405.05, 405.3, 404.7, 405.2, 1508],
    ['2025-02-24T14:11:00+05:30', 405.2, 405.35, 404.95, 405.3, 1385],
    ['2025-02-24T14:12:00+05:30', 405.1, 405.3, 405.0, 405.1, 611],
    ['2025-02-24T14:13:00+05:30', 405.1, 405.5, 405.0, 405.5, 1781],
    ['2025-02-24T14:14:00+05:30', 405.3, 405.45, 405.05, 405.1, 664],
    ['2025-02-24T14:15:00+05:30', 405.1, 405.5, 405.1, 405.35, 1977],
    ['2025-02-24T14:16:00+05:30', 405.4, 405.4, 404.85, 405.1, 4230],
    ['2025-02-24T14:17:00+05:30', 405.05, 405.4, 405.0, 405.4, 1649],
    ['2025-02-24T14:18:00+05:30', 405.4, 405.4, 405.0, 405.3, 1373],
    ['2025-02-24T14:19:00+05:30', 405.2, 405.25, 405.05, 405.1, 1012],
    ['2025-02-24T14:20:00+05:30', 405.1, 405.95, 405.0, 405.95, 2679],
    ['2025-02-24T14:21:00+05:30', 405.5, 405.9, 405.3, 405.4, 1586],
    ['2025-02-24T14:22:00+05:30', 405.4, 405.4, 405.0, 405.05, 519],
    ['2025-02-24T14:23:00+05:30', 405.1, 405.3, 405.0, 405.0, 3469],
    ['2025-02-24T14:24:00+05:30', 405.2, 405.25, 405.0, 405.15, 1250],
    ['2025-02-24T14:25:00+05:30', 405.3, 405.7, 405.1, 405.35, 2161],
    ['2025-02-24T14:26:00+05:30', 405.25, 405.25, 405.0, 405.0, 751],
    ['2025-02-24T14:27:00+05:30', 405.0, 405.1, 405.0, 405.05, 1508],
    ['2025-02-24T14:28:00+05:30', 405.05, 405.15, 404.85, 405.0, 2173],
    ['2025-02-24T14:29:00+05:30', 405.0, 405.15, 404.6, 405.0, 1200],
    ['2025-02-24T14:30:00+05:30', 405.05, 405.5, 405.0, 405.3, 1651],
    ['2025-02-24T14:31:00+05:30', 405.6, 405.65, 405.05, 405.15, 807],
    ['2025-02-24T14:32:00+05:30', 405.3, 405.55, 405.0, 405.0, 1913],
    ['2025-02-24T14:33:00+05:30', 405.15, 405.4, 405.0, 405.25, 1362],
    ['2025-02-24T14:34:00+05:30', 405.1, 405.4, 405.05, 405.05, 1119],
    ['2025-02-24T14:35:00+05:30', 405.2, 405.5, 405.1, 405.5, 1341],
    ['2025-02-24T14:36:00+05:30', 405.35, 405.5, 405.2, 405.2, 1332],
    ['2025-02-24T14:37:00+05:30', 405.55, 405.55, 405.1, 405.1, 1217],
    ['2025-02-24T14:38:00+05:30', 405.15, 405.25, 405.1, 405.1, 673],
    ['2025-02-24T14:39:00+05:30', 405.1, 405.15, 405.0, 405.15, 2714],
    ['2025-02-24T14:40:00+05:30', 405.0, 405.05, 405.0, 405.05, 1702],
    ['2025-02-24T14:41:00+05:30', 405.0, 405.05, 405.0, 405.05, 963],
    ['2025-02-24T14:42:00+05:30', 405.0, 405.05, 404.25, 405.0, 4137],
    ['2025-02-24T14:43:00+05:30', 405.0, 405.05, 404.8, 404.9, 2068],
    ['2025-02-24T14:44:00+05:30', 405.0, 405.05, 404.95, 405.05, 1967],
    ['2025-02-24T14:45:00+05:30', 405.0, 405.05, 404.8, 405.05, 1954],
    ['2025-02-24T14:46:00+05:30', 404.95, 405.1, 404.85, 404.95, 1875],
    ['2025-02-24T14:47:00+05:30', 404.95, 405.05, 404.95, 405.05, 847],
    ['2025-02-24T14:48:00+05:30', 405.0, 405.05, 404.9, 405.0, 1709],
    ['2025-02-24T14:49:00+05:30', 404.95, 405.35, 404.5, 405.0, 4777],
    ['2025-02-24T14:50:00+05:30', 405.0, 405.15, 404.95, 405.0, 979],
    ['2025-02-24T14:51:00+05:30', 405.05, 405.15, 405.0, 405.05, 795],
    ['2025-02-24T14:52:00+05:30', 405.15, 405.15, 405.0, 405.05, 573],
    ['2025-02-24T14:53:00+05:30', 405.05, 405.15, 405.0, 405.1, 1272],
    ['2025-02-24T14:54:00+05:30', 405.15, 405.15, 404.95, 405.05, 732],
    ['2025-02-24T14:55:00+05:30', 405.05, 405.05, 404.75, 405.0, 2024],
    ['2025-02-24T14:56:00+05:30', 404.9, 406.4, 404.85, 406.4, 3241],
    ['2025-02-24T14:57:00+05:30', 406.15, 406.75, 405.15, 405.15, 2792],
    ['2025-02-24T14:58:00+05:30', 405.1, 405.25, 405.0, 405.25, 1253],
    ['2025-02-24T14:59:00+05:30', 405.15, 405.2, 404.95, 405.2, 786],
    ['2025-02-24T15:00:00+05:30', 405.05, 405.25, 404.85, 405.1, 3178],
    ['2025-02-24T15:01:00+05:30', 405.0, 405.2, 405.0, 405.15, 1732],
    ['2025-02-24T15:02:00+05:30', 405.15, 405.15, 405.0, 405.0, 508],
    ['2025-02-24T15:03:00+05:30', 405.1, 405.1, 403.05, 403.5, 7392],
    ['2025-02-24T15:04:00+05:30', 403.2, 404.5, 403.2, 403.75, 6790],
    ['2025-02-24T15:05:00+05:30', 404.0, 404.45, 403.65, 403.7, 2121],
    ['2025-02-24T15:06:00+05:30', 403.65, 403.95, 403.5, 403.65, 2387],
    ['2025-02-24T15:07:00+05:30', 403.8, 404.7, 403.3, 404.15, 8854],
    ['2025-02-24T15:08:00+05:30', 404.35, 404.7, 404.15, 404.6, 1608],
    ['2025-02-24T15:09:00+05:30', 404.6, 405.65, 404.2, 404.3, 3540],
    ['2025-02-24T15:10:00+05:30', 404.4, 404.55, 403.15, 403.15, 1708],
    ['2025-02-24T15:11:00+05:30', 403.65, 403.85, 403.0, 403.15, 3279],
    ['2025-02-24T15:12:00+05:30', 403.45, 403.7, 403.25, 403.35, 3602],
    ['2025-02-24T15:13:00+05:30', 403.6, 404.95, 403.35, 404.3, 4413],
    ['2025-02-24T15:14:00+05:30', 404.35, 405.85, 404.2, 405.0, 3368],
    ['2025-02-24T15:15:00+05:30', 405.05, 405.15, 404.95, 405.0, 1812],
    ['2025-02-24T15:16:00+05:30', 405.0, 405.05, 404.85, 405.0, 2208],
    ['2025-02-24T15:17:00+05:30', 405.0, 405.05, 404.9, 405.0, 3310],
    ['2025-02-24T15:18:00+05:30', 405.05, 405.05, 404.7, 405.0, 4327],
    ['2025-02-24T15:19:00+05:30', 405.05, 405.15, 404.7, 405.1, 6218],
    ['2025-02-24T15:20:00+05:30', 405.1, 405.25, 405.0, 405.25, 2123],
    ['2025-02-24T15:21:00+05:30', 405.15, 405.15, 405.0, 405.05, 2024],
    ['2025-02-24T15:22:00+05:30', 405.05, 405.05, 405.0, 405.0, 1201],
    ['2025-02-24T15:23:00+05:30', 405.05, 405.05, 405.0, 405.0, 1565],
    ['2025-02-24T15:24:00+05:30', 405.05, 405.9, 404.85, 405.45, 10901],
    ['2025-02-24T15:25:00+05:30', 405.9, 405.9, 405.0, 405.1, 3299],
    ['2025-02-24T15:26:00+05:30', 405.15, 405.35, 405.0, 405.0, 1728],
    ['2025-02-24T15:27:00+05:30', 405.0, 405.25, 405.0, 405.0, 4869],
    ['2025-02-24T15:28:00+05:30', 405.2, 405.2, 405.0, 405.1, 4294],
    ['2025-02-24T15:29:00+05:30', 405.1, 405.45, 405.0, 405.0, 4016]]